0 untitled model
0 Name: 
0 Author: Michael Gale
1 72 312 136 -1339 0.980785 0 -0.19509 0 1 0 0.19509 0 0.980785 r72_metal.dat
1 72 -1 136 -1401.5 0.980785 0 -0.19509 0 1 0 0.19509 0 0.980785 r56_metal.dat
1 72 651 136 -1447.5 0.995185 0 -0.098017 0 1 0 0.098017 0 0.995185 r88_metal.dat
1 72 970 136 -1416 0.995185 0 -0.098017 0 1 0 0.098017 0 0.995185 r104_metal.dat
1 72 1288 136 -1385 0.995185 0 -0.098017 0 1 0 0.098017 0 0.995185 r120_metal.dat
1 72 -620 136 -1300 1 0 0 0 1 0 -0 0 1 s32_metal.dat
1 72 -300 136 -1540 1 0 0 0 1 0 -0 0 1 s8_metal.dat
1 72 -300 136 -1140 1 0 0 0 1 0 -0 0 1 s16_metal.dat
1 72 155.5 136 -1369 0.980785 0 -0.19509 0 1 0 0.19509 0 0.980785 r64_metal.dat
1 72 -681 138 -726 0 0 1 0 1 0 -1 0 0 fxtrackp40l.dat
1 72 489 138 -566 -0 0 1 -0 1 0 -1 -0 -0 fxtrackp40r.dat
1 72 369 138 -646 -0 0 1 -0 1 0 -1 -0 -0 fxtracks3.2.dat
1 72 239 138 -646 -0 0 1 -0 1 0 -1 -0 -0 fxtracks1.6.dat
1 72 -710 138 990 0 0 1 0 1 0 -1 0 0 fxtrackp40l.dat
1 72 164 136 1261 0.384618 0 0.923076 0 1 0 -0.923076 0 0.384618 s8_metal.dat
1 72 479.5 136 1365 -0.19509 -0 -0.980785 0 1 -0 0.980785 -0 -0.19509 r64_metal.dat
1 72 410 136 1070 0 0 1 0 1 0 -1 0 0 s32_metal.dat
1 72 1210 136 1070 0 0 1 0 1 0 -1 0 0 s32_metal.dat
1 72 1210 136 1390 0 0 1 0 1 0 -1 0 0 s32_metal.dat
1 72 -710 138 830 -0 0 1 -0 1 0 -1 -0 -0 fxtrackp40r.dat
1 72 890 138 350 -0 0 -1 -0 1 0 1 0 -0 fxtrackp40r.dat
1 72 -870 136 750 0 0 -1 0 1 0 1 0 0 s16_metal.dat
1 72 10 136 430 0 0 1 0 1 0 -1 0 0 s8_metal.dat
1 72 -390 136 430 0 0 -1 0 1 0 1 0 0 s32_metal.dat
1 72 1210 136 750 0 0 -1 0 1 0 1 0 0 s32_metal.dat
1 72 -870 136 430 0 0 -1 0 1 0 1 0 0 s16_metal.dat
1 72 1850 136 1070 0 0 1 0 1 0 -1 0 0 s32_metal.dat
1 72 1850 136 1390 0 0 1 0 1 0 -1 0 0 s32_metal.dat
1 72 1210 136 430 0 0 -1 0 1 0 1 0 0 s32_metal.dat
1 72 1850 136 750 0 0 -1 0 1 0 1 0 0 s32_metal.dat
1 72 -1351 138 1624 0 0 1 0 1 0 -1 0 0 fxtrackp40l.dat
1 72 -231 136 1704 0 0 1 0 1 0 -1 0 0 s32_metal.dat
1 72 -582 138 1938 0.384617 0 0.923076 0 1 0 -0.923076 0 0.384617 fxtrackp40r.dat
1 72 202 138 2178 0.384617 0 0.923076 0 1 0 -0.923076 0 0.384617 fxtracks1.6.dat
1 72 186 138 2258 0.384617 0 0.923076 0 1 0 -0.923076 0 0.384617 fxtrackp40r.dat
1 72 1657 138 2664 -0 0 1 -0 1 0 -1 -0 -0 fxtracks3.2.dat
1 72 1033 138 2344 -0 0 1 -0 1 0 -1 -0 -0 fxtracks1.6.dat
1 72 1059 136 2535 0.384618 0 0.923076 0 1 0 -0.923076 0 0.384618 s8_metal.dat
1 72 169 136 1704 -0 0 1 -0 1 0 -1 -0 -0 s8_metal.dat
1 72 569 136 1704 0 0 1 0 1 0 -1 0 0 s32_metal.dat
1 72 569 136 2024 0 0 1 0 1 0 -1 0 0 s32_metal.dat
1 72 1209 136 2024 0 0 1 0 1 0 -1 0 0 s32_metal.dat
1 72 1209 136 1704 0 0 1 0 1 0 -1 0 0 s32_metal.dat
1 72 1849 136 2024 0 0 1 0 1 0 -1 0 0 s32_metal.dat
1 72 1849 136 1704 0 0 1 0 1 0 -1 0 0 s32_metal.dat
1 72 1849 136 2344 0 0 1 0 1 0 -1 0 0 s32_metal.dat
1 72 1209 136 2024 -0 0 1 -0 1 0 -1 -0 -0 fxtracks16.dat
1 72 1369 136 2344 -0 0 1 -0 1 0 -1 -0 -0 fxtracks16.dat
1 72 1129 136 2344 -0 0 1 -0 1 0 -1 -0 -0 s8_metal.dat
1 72 970 138 2498 0.384617 0 0.923076 0 1 0 -0.923076 0 0.384617 fxtracks1.6.dat
1 72 1374.5 136 2639 -0.19509 -0 -0.980785 0 1 -0 0.980785 -0 -0.19509 r64_metal.dat
1 72 2009 136 2664 -0 0 1 -0 1 0 -1 -0 -0 fxtracks16.dat
1 72 1769 136 2664 -0 0 1 -0 1 0 -1 -0 -0 s8_metal.dat
1 72 -1190 136 430 0 0 -1 0 1 0 1 0 0 s16_metal.dat
1 72 -1190 136 750 0 0 -1 0 1 0 1 0 0 s16_metal.dat
1 72 1850 136 430 0 0 -1 0 1 0 1 0 0 s32_metal.dat
1 72 570 136 750 0 0 -1 0 1 0 1 0 0 s32_metal.dat
1 72 170 136 750 0 0 1 0 1 0 -1 0 0 s8_metal.dat
1 72 810 136 1070 0 0 1 0 1 0 -1 0 0 s8_metal.dat
1 72 810 136 1390 0 0 1 0 1 0 -1 0 0 s8_metal.dat
1 72 -1030 136 1070 0 0 1 0 1 0 -1 0 0 s32_metal.dat